 1951    0.107    0.002    0.016    0.173    0.176    0.293    0.426    0.307    0.253    0.263    0.179    0.179
 1952    0.176    0.186    0.234    0.195    0.184    0.387    0.376    0.407    0.366    0.358    0.254    0.344
 1953    0.269    0.189    0.145    0.317    0.346    0.279    0.347    0.262    0.284    0.152    0.248    0.262
 1954    0.231    0.099    0.105   -0.010    0.074    0.103   -0.041   -0.011   -0.007   -0.028   -0.023   -0.047
 1955    0.080    0.044    0.045    0.099    0.180    0.197    0.272    0.178    0.207    0.283    0.390    0.260
 1956    0.190    0.098    0.017    0.067   -0.054   -0.260   -0.086   -0.095   -0.085   -0.039   -0.083    0.022
 1957   -0.077   -0.103   -0.016   -0.070   -0.117   -0.009    0.044    0.206    0.224    0.153    0.088    0.083
 1958    0.052    0.192    0.348    0.350    0.205    0.225    0.168    0.165    0.216    0.155    0.189    0.223
 1959    0.103    0.118   -0.024   -0.000    0.011   -0.056   -0.028    0.016    0.129    0.116    0.054    0.113
 1960    0.180    0.220    0.092    0.100    0.306    0.322    0.274    0.338    0.214    0.300    0.253    0.141
 1961    0.064    0.084    0.152    0.230    0.197    0.036   -0.016    0.039    0.006    0.032    0.070    0.216
 1962    0.152    0.155    0.168    0.091    0.026   -0.068   -0.005   -0.060    0.007    0.069    0.049    0.193
 1963    0.160    0.169    0.136    0.107   -0.082   -0.044   -0.033   -0.071   -0.199   -0.069   -0.054   -0.057
 1964   -0.072    0.024    0.042   -0.143    0.043    0.007   -0.141   -0.231   -0.217   -0.269   -0.163   -0.118
 1965   -0.196   -0.174   -0.075   -0.094   -0.096   -0.124   -0.185   -0.207   -0.219   -0.245   -0.274   -0.121
 1966   -0.073    0.013   -0.007    0.046    0.004   -0.042   -0.053   -0.041    0.003    0.016    0.006    0.083
 1967    0.084    0.090   -0.031   -0.013   -0.184   -0.258   -0.228   -0.162   -0.094   -0.097   -0.232   -0.150
 1968   -0.244   -0.196   -0.206   -0.153   -0.121   -0.260   -0.227   -0.211   -0.148   -0.111   -0.106   -0.124
 1969   -0.061    0.107    0.209    0.151    0.013    0.031    0.096   -0.099   -0.105   -0.183   -0.122   -0.029
 1970   -0.008   -0.046    0.021    0.022   -0.044   -0.180   -0.198   -0.138   -0.135   -0.194   -0.238   -0.207
 1971   -0.243   -0.290   -0.308   -0.410   -0.324   -0.360   -0.347   -0.433   -0.364   -0.232   -0.240   -0.306
 1972   -0.315   -0.377   -0.436   -0.324   -0.466   -0.485   -0.372   -0.380   -0.300   -0.284   -0.274   -0.348
 1973   -0.371   -0.390   -0.341   -0.261   -0.166   -0.172   -0.101   -0.130   -0.128   -0.213   -0.206   -0.235
 1974   -0.272   -0.280   -0.398   -0.520   -0.497   -0.444   -0.511   -0.464   -0.502   -0.504   -0.422   -0.357
 1975   -0.269   -0.335   -0.306   -0.342   -0.385   -0.292   -0.268   -0.181   -0.332   -0.350   -0.337   -0.318
 1976   -0.381   -0.438   -0.490   -0.423   -0.484   -0.480   -0.303   -0.181   -0.189   -0.289   -0.412   -0.428
 1977   -0.385   -0.329   -0.179   -0.213   -0.166   -0.103   -0.102   -0.141   -0.228   -0.220   -0.139   -0.201
 1978   -0.102   -0.143   -0.154   -0.191   -0.200   -0.328   -0.272   -0.222   -0.185   -0.203   -0.115   -0.178
 1979   -0.188   -0.147   -0.223   -0.232   -0.113   -0.037   -0.089   -0.110   -0.104   -0.083   -0.080   -0.054
 1980    0.004   -0.073   -0.133    0.005    0.135    0.114    0.056    0.029   -0.002   -0.056   -0.191   -0.244
 1981   -0.171   -0.170    0.011   -0.085   -0.074   -0.052   -0.084   -0.105   -0.026   -0.176   -0.126    0.004
 1982   -0.070   -0.068   -0.070   -0.172   -0.181   -0.174   -0.218   -0.298   -0.297   -0.361   -0.406   -0.370
 1983   -0.288   -0.093    0.092    0.070   -0.038   -0.044   -0.005   -0.148   -0.205   -0.185   -0.147    0.008
 1984   -0.096   -0.077   -0.114   -0.147   -0.155   -0.314   -0.255   -0.215   -0.198   -0.333   -0.414   -0.307
 1985   -0.344   -0.319   -0.346   -0.390   -0.327   -0.117   -0.142   -0.271   -0.237   -0.235   -0.285   -0.326
 1986   -0.333   -0.265   -0.282   -0.314   -0.218   -0.251   -0.238   -0.262   -0.209   -0.308   -0.387   -0.361
 1987   -0.267   -0.207   -0.022    0.040    0.078    0.213    0.290    0.290    0.204    0.057   -0.060    0.053
 1988   -0.032   -0.106   -0.001    0.060    0.146    0.174    0.117   -0.001   -0.088   -0.163   -0.140   -0.157
 1989   -0.214   -0.149   -0.246   -0.282   -0.140    0.098    0.184    0.120   -0.088   -0.116   -0.143   -0.146
 1990   -0.292   -0.155   -0.172   -0.110   -0.052   -0.049   -0.015    0.060    0.154    0.120   -0.047   -0.029
 1991   -0.188   -0.110   -0.063   -0.126   -0.147   -0.123   -0.101   -0.103   -0.031   -0.256   -0.255   -0.208
 1992   -0.185   -0.088   -0.087   -0.179   -0.217   -0.145   -0.214   -0.375   -0.364   -0.295   -0.329   -0.279
 1993   -0.235   -0.181   -0.239   -0.168   -0.159   -0.176   -0.272   -0.224   -0.160   -0.238   -0.314   -0.288
 1994   -0.292   -0.304   -0.274   -0.195   -0.202   -0.217   -0.227   -0.231   -0.148   -0.055   -0.015   -0.086
 1995   -0.058   -0.036    0.020    0.080    0.276    0.368    0.318    0.187    0.058    0.106    0.131    0.046
 1996   -0.006   -0.028   -0.054    0.013   -0.061   -0.120   -0.101   -0.005    0.002   -0.141   -0.170   -0.151
 1997   -0.087   -0.032    0.009    0.011    0.043    0.012    0.064    0.019    0.113    0.154    0.055    0.135
 1998    0.134    0.295    0.326    0.295    0.387    0.493    0.491    0.516    0.416    0.386    0.321    0.283
 1999    0.055    0.061    0.073    0.056    0.166    0.184    0.202    0.311    0.189    0.021   -0.045    0.018
 2000   -0.080   -0.034    0.107    0.046    0.109   -0.014    0.076    0.107    0.106   -0.036   -0.049   -0.123
 2001   -0.123   -0.023    0.018   -0.008   -0.005    0.202    0.139    0.182    0.290    0.255    0.160    0.217
 2002    0.186    0.169    0.149    0.031   -0.044   -0.113   -0.061    0.111    0.084    0.115    0.023    0.009
 2003    0.054   -0.008    0.117    0.083    0.155    0.209    0.280    0.419    0.456    0.430    0.228    0.228
 2004    0.215    0.213    0.162    0.112    0.010    0.182    0.232    0.321    0.245    0.246    0.225    0.192
 2005    0.115    0.130    0.289    0.296    0.297    0.331    0.451    0.444    0.423    0.242    0.144    0.220
 2006    0.128    0.079    0.064    0.202    0.313    0.338    0.379    0.405    0.368    0.339    0.293    0.176
 2007    0.176    0.222    0.132    0.163    0.116    0.093    0.133    0.059    0.103    0.162    0.181    0.115
 2008    0.035    0.133    0.163    0.047    0.177    0.261    0.210    0.179    0.203    0.107    0.006    0.023
 2009   -0.054   -0.159   -0.155   -0.126   -0.057    0.126    0.233    0.157    0.062    0.169    0.074    0.087
 2010    0.044    0.182    0.292    0.430    0.464    0.452    0.455    0.530    0.454    0.329    0.240    0.212
 2011    0.148    0.113    0.060    0.097    0.157    0.183    0.096    0.151    0.149    0.067   -0.066   -0.040
 2012   -0.060    0.009    0.030    0.085    0.169    0.305    0.380    0.436    0.453    0.334    0.170    0.146
 2013    0.133    0.120    0.163    0.141    0.106    0.051    0.195    0.199    0.260    0.352    0.133    0.041
 2014   -0.057   -0.038   -0.076   -0.089    0.003    0.067    0.226    0.339    0.315    0.297    0.070    0.063
 2015   -0.003    0.001   -0.124   -0.067    0.049    0.034    0.137    0.183    0.305    0.329    0.191    0.234