      9  10130     14    268    240    115     36
      5  10100     40    266    225  99999  99999
      4  10000    130    266    224    105     87
      5   9960    165    268    225  99999  99999
      6   9803    304  99999  99999    105    102
      5   9570    514    248    199  99999  99999
      6   9468    609  99999  99999    105    113
      4   9250    817    226    183    105    108
      6   9146    914  99999  99999    105    113
      5   8990   1062    208    173  99999  99999
      6   8829   1219  99999  99999    100     97
      4   8500   1549    182    145     95    102
      6   8223   1828  99999  99999     95     87
      6   7931   2133  99999  99999     95     87
      5   7690   2393    128     89  99999  99999
      6   7648   2438  99999  99999     95     87
      6   7373   2743  99999  99999     90     82
      5   7350   2769    104     79  99999  99999
      5   7200   2940     98     55  99999  99999
      5   7060   3102     90     64  99999  99999
      4   7000   3186     92     21     85     46
      5   6990   3198     90     10  99999  99999
      5   6940   3257     84     39  99999  99999
      5   6890   3316     86     36  99999  99999
      5   6790   3436     80     51  99999  99999
      6   6609   3657  99999  99999     90     46
      5   6600   3668     66     23  99999  99999
      5   6460   3843     54     23  99999  99999
      5   6380   3944     60     16  99999  99999
      6   6131   4267  99999  99999    125     36
      5   6110   4295     44     -5  99999  99999
      5   5900   4577     18    -27  99999  99999
      5   5810   4700     16    -84  99999  99999
      5   5750   4783     10    -50  99999  99999
      6   5683   4876  99999  99999     50     20
      5   5660   4909      2    -48  99999  99999
      5   5600   4994      2    -68  99999  99999
      5   5410   5269    -17    -87  99999  99999
      5   5360   5343    -23    -71  99999  99999
      5   5240   5522    -35    -72  99999  99999
      4   5000   5910    -53    -94    270     10
      5   4980   5941    -55    -96  99999  99999
      5   4930   6020    -57   -117  99999  99999
      6   4882   6096  99999  99999    110     10
      5   4820   6196    -65   -135  99999  99999
      5   4790   6245    -65   -205  99999  99999
      5   4680   6426    -79   -139  99999  99999
      5   4320   7039   -129   -163  99999  99999
      5   4110   7416   -153   -165  99999  99999
      6   4005   7620  99999  99999    275     15
      4   4000   7630   -163   -180    285     15
      5   3810   7993   -187   -206  99999  99999
      5   3590   8432   -221   -233  99999  99999
      6   3540   8534  99999  99999    275     51
      5   3460   8702   -237   -266  99999  99999
      6   3395   8839  99999  99999    320     56
      6   3255   9144  99999  99999    320     97
      5   3250   9155   -275   -322  99999  99999
      6   3119   9448  99999  99999    315     92
      5   3030   9653   -319   -356  99999  99999
      4   3000   9730   -321   -358    330    113
      5   2890   9992   -341   -401  99999  99999
      6   2863  10058  99999  99999    350    175
      5   2840  10114   -351   -501  99999  99999
      5   2810  10188   -357   -527  99999  99999
      5   2540  10880   -415   -515  99999  99999
      4   2500  10990   -421   -521    350    221
      5   2490  11017   -423   -523  99999  99999
      5   2450  11126   -429   -559  99999  99999
      5   2370  11348   -447   -547  99999  99999
      5   2320  11490   -453   -593  99999  99999
      6   2288  11582  99999  99999    350    262
      5   2140  12022   -501   -601  99999  99999
      4   2000  12460   -541   -641    345    262
      5   1970  12556   -549   -649  99999  99999
      5   1830  13023   -575   -745  99999  99999
      5   1520  14171   -653   -803  99999  99999
      4   1500  14250   -655   -805      5    123
      5   1470  14372   -659   -809  99999  99999
      5   1360  14839   -693   -843  99999  99999
      6   1271  15240  99999  99999      5    108
      5   1270  15245   -709   -839  99999  99999
      5   1170  15726   -739   -849  99999  99999
      7   1110  16032   -747   -847    350     61
      5   1050  16356   -727   -837  99999  99999
      5   1020  16526   -735   -845  99999  99999
      4   1000  16650   -731   -841     30     72
      5    887  17348   -745   -865  99999  99999
      6    838  17678  99999  99999    105    128
      5    811  17871   -719   -869  99999  99999
      6    796  17983  99999  99999    110     82
      5    791  18019   -681   -841  99999  99999
      6    756  18288  99999  99999     85     10
      5    730  18499   -689   -879  99999  99999
      4    700  18760   -681   -891     45     77
      6    684  18897  99999  99999     65    102
      5    637  19326   -671   -901  99999  99999
      6    588  19812  99999  99999     85    205
      5    575  19945   -653   -903  99999  99999
      6    559  20116  99999  99999    110    149
      6    532  20421  99999  99999    100    108
      5    509  20693   -607   -887  99999  99999
      4    500  20810   -609   -889     95    118
      6    482  21031  99999  99999     80    113
      5    462  21300   -605   -895  99999  99999
      6    459  21336  99999  99999     85    144
      6    438  21640  99999  99999     60    102
      5    435  21676   -579   -879  99999  99999
      6    417  21945  99999  99999     85    185
      6    378  22555  99999  99999    115    149
      5    333  23349   -595   -885  99999  99999
      6    311  23774  99999  99999     95    144
      5    311  23777   -575   -875  99999  99999
      4    300  24010   -575   -875     75    133
      6    297  24079  99999  99999     75    133
      5    289  24245   -577   -877  99999  99999
      6    283  24384  99999  99999     85    123
      6    245  25298  99999  99999     70    252
      5    239  25456   -519   -839  99999  99999
      6    234  25603  99999  99999     90    190
      6    223  25908  99999  99999     90    180
      5    209  26326   -501   -831  99999  99999
      6    203  26517  99999  99999     95    252
      5    202  26547   -515   -835  99999  99999
      4    200  26620   -509   -829     95    252
      5    194  26819   -485   -815  99999  99999
      5    177  27422   -475   -805  99999  99999
      6    177  27432  99999  99999    110    205
      5    169  27728   -453   -803  99999  99999
      6    161  28041  99999  99999     90    149
      6    140  28956  99999  99999    105    200
      6    134  29260  99999  99999     75    190
      6    128  29565  99999  99999     90    216
      5    127  29616   -483   -813  99999  99999
      6    122  29870  99999  99999     70    211
      5    119  30044   -475   -805  99999  99999
      5    116  30213   -453   -803  99999  99999
      6    111  30480  99999  99999     80    236
      5    109  30627   -449   -799  99999  99999
      5    103  31007   -417   -777  99999  99999
      4    100  31220   -419   -779     90    149
      6     89  32004  99999  99999     95    102
      5     86  32240   -413   -773  99999  99999
      6     82  32613  99999  99999     70    144
      5     81  32644   -433   -783  99999  99999
      5     79  32812   -423   -783  99999  99999